177.0 35.4
212.0 42.4
324.0 64.8
357.0 71.4
237.0 47.4
161.0 32.2
237.0 47.4
407.0 81.4
198.0 39.6
178.0 35.6
232.0 46.4
167.0 33.4
202.0 40.4
319.0 63.8
200.0 40.0
197.0 39.4
145.0 29.0
216.0 43.2
250.0 50.0
162.0 32.4
173.0 34.6
276.0 55.2
342.0 68.4
328.0 65.6
216.0 43.2
159.0 31.8
277.0 55.4
327.0 65.4
211.0 42.2
185.0 37.0
302.0 60.4
175.0 35.0
172.0 34.4
185.0 37.0
240.0 48.0
293.0 58.6
236.0 47.2
228.0 45.6
188.0 37.6
265.0 53.0
210.0 42.0
328.0 65.6
269.0 53.8
247.0 49.4
340.0 68.0
175.0 35.0
298.0 59.6
398.0 79.6
215.0 43.0
305.0 61.0
210.0 42.0
338.0 67.6
302.0 60.4
367.0 73.4
256.0 51.2
305.0 61.0
179.0 35.8
301.0 60.2
219.0 43.8
